name: Material1
D1111: 5.617298193917046e9
D1122: 3.024703680884072e9
D2222: 5.617298193917046e9
D1133: 3.024703680884072e9
D2233: 3.024703680884072e9
D3333: 5.617298193917046e9
D1112: 0
D2212: 0
D3312: 0
D1212: 1.299999610000117e9
D1113: 0
D2213: 0
D3313: 0
D1213: 0
D1313: 1.299999610000117e9
D1123: 0
D2223: 0
D3323: 0
D1223: 0
D1323: 0
D2323: 1.296295576132087e9