name: Material2
D1111: 2.194839646887921e10
D1122: 0.343289753045033e10
D2222: 0.733965258916171e10
D1133: 0.373421041229096e10
D2233: 3.024703680884072e9
D3333: 5.617298193917046e9
D1112: 0
D2212: 0
D3312: 0
D1212: 0.189000000000000e10
D1113: 0
D2213: 0
D3313: 0
D1213: 0
D1313: 0.189000000000000e10
D1123: 0
D2223: 0
D3323: 0
D1223: 0
D1323: 0
D2323: 0.180272108843537e10